STAT    DATE     TIMEUTC WSPD  WDIR    GUST     PSFC
KPAM	10102018 1156 	19.57	90	28.77	29.51
KPAM	10102018 1241 	17.27	70	28.77	29.47
KPAM	10102018 1256 	19.57	90	28.77	29.44
KPAM	10102018 1301 	18.41	90	31.07	29.44
KPAM	10102018 1306 	18.41	80	31.07	29.43
KPAM	10102018 1316 	18.41	90	32.21	29.42
KPAM	10102018 1321 	18.41	90	33.38	29.42
KPAM	10102018 1326 	24.16	90	34.52	29.41
KPAM	10102018 1331 	19.57	90	34.52	29.4
KPAM	10102018 1336 	20.71	80	39.12	29.39
KPAM	10102018 1341 	20.71	80	39.12	29.4
KPAM	10102018 1346 	20.71	90	33.38	29.39
KPAM	10102018 1351 	20.71	70	33.38	29.38
KPAM	10102018 1356 	20.71	90	33.38	29.37
KPAM	10102018 1401 	21.85	80	33.38	29.36
KPAM	10102018 1406 	23.02	90	40.29	29.34
KPAM	10102018 1411 	18.41	90	40.29	29.32
KPAM	10102018 1416 	21.85	100	39.12	29.33
KPAM	10102018 1426 	19.57	100	34.52	29.32
KPAM	10102018 1431 	20.71	90	37.98	29.3
KPAM	10102018 1436 	25.32	90	37.98	29.29
KPAM	10102018 1446 	23.02	80	47.18	29.26
KPAM	10102018 1456 	26.46	90	43.73	29.23
KPAM	10102018 1501 	26.46	90	44.87	29.22
KPAM	10102018 1506 	27.63	90	50.64	29.21
KPAM	10102018 1511 	28.77	90	50.64	29.18
KPAM	10102018 1516 	26.46	90	46.04	29.16
KPAM	10102018 1521 	27.63	80	48.34	29.15
KPAM	10102018 1526 	31.07	90	48.34	29.14
KPAM	10102018 1527 	33.38	90	48.34	29.13
KPAM	10102018 1532 	34.52	80	52.93	29.1
KPAM	10102018 1545 	32.21	80	50.64	
KPAM	10102018 1546 	31.07	80	47.18	
KPAM	10102018 1551 	33.38	80	51.79	29
KPAM	10102018 1552 	34.52	80	51.79	29
KPAM	10102018 1555 	35.68	80	65.59	28.97
KPAM	10102018 1556 	41.43	80	65.59	28.98
KPAM	10102018 1601 	39.12	80	65.59	28.94
KPAM	10102018 1603 	44.87	80	66.75	28.93
KPAM	10102018 1608 	33.38	80	66.75	28.87
KPAM	10102018 1613 	35.68	70	66.75	28.83
KPAM	10102018 1614 	36.82	80	58.7	28.82
KPAM	10102018 1620 	44.87	80	61	28.77
KPAM	10102018 1621 	46.04	80	61	28.75
KPAM	10102018 1623 	43.73	70	63.28	28.72
KPAM	10102018 1625 	43.73	70	64.45	28.7
KPAM	10102018 1627 	44.87	70	64.45	28.66
KPAM	10102018 1630 	42.57	80	65.59	28.64
KPAM	10102018 1635 	46.04	70	69.05	28.57
KPAM	10102018 1636 	46.04	70	70.2	28.55
KPAM	10102018 1638 	42.57	70	70.2	28.49
KPAM	10102018 1640 	56.39	70	81.72	28.45
KPAM	10102018 1642 	61	70	81.72	28.44
KPAM	10102018 1643 	52.93	70	81.72	28.41
KPAM	10102018 1644 	56.39	70	81.72	28.36
KPAM	10102018 1645 	55.23	70	81.72	28.34
KPAM	10102018 1647 	54.09	60	81.72	28.29
KPAM	10102018 1657 				
KPAM	10102018 1658 				
KPAM	10102018 1700 	56.39	60	80.55	
KPAM	10102018 1701 	71.36	60	118.54	
KPAM	10102018 1703 	63.28	60	118.54	30.68
KPAM	10102018 1704 	72.5	60	118.54	30.67
KPAM	10102018 1705 	77.11	50	118.54	30.61
KPAM	10102018 1707 	77.11	50	118.54	30.5
KPAM	10102018 1708 	81.72	60	118.54	30.46
KPAM	10102018 1710 	72.5	60	118.54	30.43
KPAM	10102018 1711 	77.11	60	118.54	30.42
KPAM	10102018 1712 	86.3	60	128.89	30.37
KPAM	10102018 1714 	86.3	60	128.89	30.36
KPAM	10102018 1715 	84	60	128.89	30.31
KPAM	10102018 1716 	85.16	60	128.89	30.26
KPAM	10102018 1717 	84	70	128.89	30.24
KPAM	10102018 1719 	86.3	70	128.89	30.25
KPAM	10102018 1720 	77.11	70	128.89	30.19
KPAM	10102018 1721 	72.5	80	128.89	30.2
KPAM	10102018 1724 	48.34	80	127.73	30.21
