10102018 1306 	18.41	80	31.07	29.43
10102018 1311   18.41   90      32.21   29.42
10102018 1316 	18.41	90	32.21	29.42
10102018 1326 	24.16	90	34.52	29.41
10102018 1331 	19.57	90	34.52	29.4
10102018 1336 	20.71	80	39.12	29.39
10102018 1341 	20.71	80	39.12	29.4
10102018 1346 	20.71	90	33.38	29.39
10102018 1356 	20.71	90	33.38	29.37
10102018 1401 	21.85	80	33.38	29.36
10102018 1406 	23.02	90	40.29	29.34
10102018 1411 	18.41	90	40.29	29.32
10102018 1416 	21.85	100	39.12	29.33
10102018 1426 	19.57	100	34.52	29.32
10102018 1431 	20.71	90	37.98	29.3
10102018 1436 	25.32	90	37.98	29.29
10102018 1441   25.32   90      37.98   29.29
10102018 1446 	23.02	80	47.18	29.26
10102018 1456 	26.46	90	43.73	29.23
10102018 1501 	26.46	90	44.87	29.22
10102018 1506 	27.63	90	50.64	29.21
10102018 1511 	28.77	90	50.64	29.18
10102018 1516 	26.46	90	46.04	29.16
10102018 1526 	31.07	90	48.34	29.14
10102018 1531 	33.38	90	48.34	29.13
10102018 1536 	34.52	80	52.93	29.1
10102018 1541 	32.21	80	50.64	9999	
10102018 1546 	31.07	80	47.18	9999
10102018 1556 	34.52	80	51.79	29.0
10102018 1601 	39.12	80	65.59	28.94
10102018 1606 	44.87	80	66.75	28.93
10102018 1611 	33.38	80	66.75	28.87
10102018 1616 	36.82	80	58.7	28.82
10102018 1626 	46.04	80	61.0	28.75
10102018 1631 	42.57	80	65.59	28.64
10102018 1636 	46.04	70	70.2	28.55
10102018 1641 	56.39	70	81.72	28.45
10102018 1646 	55.23	70	81.72	28.34
10102018 1656   54.09   60      81.72   28.29 				
10102018 1701 	71.36	60	118.54	9999
10102018 1706 	77.11	50	118.54	30.5
10102018 1711 	77.11	60	118.54	30.42
10102018 1716 	85.16	60	128.89	30.26
10102018 1727 	48.34	80	127.73	30.21
10102018 1731   48.57   80      127.9   30.64
10102018 1736   48.04   80      127.33  30.55
10102018 1741   48.39   80      127.00  30.45
10102018 1746   48.23   80      127.00  30.34
10102018 1756   48.09   80      127.32  30.29
