91017	1800	25.46	47	49.37	974.4
91017	1815	27.77   49	49.88   974.0
91017   1830    26.77   53      42.58   972.2
91017   1845    22.77   48      49.38   969.8
91017   1900    23.77   47      53.38   969.0
91017   1915    26.77   46      42.38   966.0
91017   1930    24.77   36      45.38   962.0
91017	1945	33.85	35	60.61	957.7
91017   2000    35.86   32      58.85   955.5
91017	2015	42.63	36	61.65	947.5
91017	2030	40.32	35	60.56	944.8
91017	2045	28.75	44	51.27	939.2
91017	2100	11.95	30	22.51	939.9
91017	2115	15.44	319	18.64	940.6
91017   2130    29.53   294     35.05   941.1
91017	2145	45.96	282	55.35	947.5
91017   2200    52.59   283     68.73   952.2
91017	2215	54.39	275	68.53	954.4
91017   2230    45.9    266     58.82   962.5
91017   2245    41.76   268     56.54   965.0
91017   2300    40.96   268     52.83   969.9
91017   2315    40.41   277     50.71   970.2
91017   2330    39.4    277     50.32   971.2
91017   2345    37.43   277     47.34   973.4
91117   000     36.33   275     45.5    974.2
91117   015     35.84   281     43.84   976.3
91117   030     35.33   273     44.23   977.2
91117   045     35.66   266     45.7    979.1
91117   100     37.17   262     48.09   980.5
91117   115     38.84   263     48.17   982.0
91117   130     39.65   260     46.26   982.8
91117   145     37.35   259     47.13   983.8
91117   200     35.74   255     45.43   985.1
91117   215     37.73   257     48.97   985.8
91117   230     35.18   257     45.76   986.5
91117   245     32.58   253     42.54   987.4
91117   300     31.97   251     43.15   988.3
91117   315     34.19   247     41.76   989.0
91117   330     36.31   244     43.76   989.5
91117   345     37.43   241     45.85   990.2
91117   400     37.75   240     46.07   990.7
91117   415     38.65   241     47.6    991.5
91117   430     40.38   234     47.32   992.0
91117   445     38.07   231     47.21   992.4
91117   500     38.32   228     49.28   993.3
91117   515     39.16   230     48.01   994.0
91117   530     37.27   229     46.69   994.5
91117   545     37.74   227     46.45   995.1
91117   600     35.02   230     45.32   995.4
