91017	1200	15.94	23	27.8	995.3
91017	1206	17.11	33	23.91	995.4
91017	1212	12.83	20	28.38	995.3
91017	1218	12.25	28	20.22	995.4
91017	1224	11.47	45	26.63	995.3
91017	1230	15.75	48	25.08	995.2
91017	1236	10.3	47	22.94	995.1
91017	1242	16.33	35	26.05	994.7
91017	1248	17.88	58	31.88	994.8
91017	1254	17.3	57	34.02	994.5
91017	1300	19.44	50	39.07	994.3
91017	1306	19.63	46	33.82	994
91017	1312	19.24	52	35.96	993.9
91017	1318	17.49	45	27.41	993.5
91017	1324	19.24	35	26.63	993.2
91017	1330	16.52	36	33.63	992.9
91017	1336	13.41	40	25.08	992.8
91017	1342	15.16	46	27.6	992.7
91017	1348	18.66	50	31.68	992.4
91017	1354	14.97	46	29.35	992.2
91017	1400	15.55	36	35.57	991.7
91017	1406	19.05	43	37.9	991.6
91017	1412	17.3	35	29.94	991
91017	1418	18.47	27	32.46	990.4
91017	1424	21.19	30	38.68	990.1
91017	1430	18.47	39	34.79	989.8
91017	1436	20.6	36	36.54	989.5
91017	1442	18.47	38	35.38	989.1
91017	1448	25.08	34	39.07	988.7
91017	1454	19.05	42	32.66	988.6
91017	1500	19.24	40	37.52	988.5
91017	1506	18.86	44	37.32	988.2
91017	1512	17.3	30	37.71	988
91017	1518	19.05	40	30.91	987.8
91017	1524	20.41	41	40.63	987.4
91017	1530	21.97	32	36.93	986.8
91017	1536	19.05	39	32.66	986.4
91017	1542	22.35	37	38.29	986.1
91017	1548	23.13	36	34.6	985.6
91017	1554	20.8	37	35.77	985.3
91017	1600	22.74	45	37.9	984.9
91017	1606	20.41	47	39.85	984.6
91017	1612	24.1	46	44.9	984.6
91017	1618	24.69	51	42.38	984.4
91017	1624	23.33	52	36.35	983.9
91017	1630	27.21	42	45.87	983
91017	1636	24.69	38	39.27	982
91017	1642	23.91	37	37.71	981
91017	1648	29.35	33	50.15	980.5
91017	1654	28.38	37	45.49	979.9
91017	1700	27.99	35	46.85	979.4
91017	1706	26.24	38	47.04	978.6
91017	1712	22.74	42	43.35	978.8
91017	1718	25.08	47	42.96	978.3
91017	1724	26.82	49	54.23	977.7
91017	1730	27.99	48	47.43	977.6
91017	1736	29.94	48	54.04	976.7
91017	1742	29.16	44	43.35	976.4
91017	1748	28.96	55	61.04	975.7
91017	1754	30.52	45	47.82	974.9
91017	1800	25.46	47	49.37	974.4
91017	1806	29.94	53	47.43	974
91017	1812	27.41	51	51.9	973.5
91017	1818	25.66	55	45.68	973
91017	1824	23.71	51	40.04	972.3
91017	1830	28.19	54	45.1	971.8
91017	1836	25.85	52	41.6	970.8
91017	1842	20.22	44	46.85	970.2
91017	1848	21.77	49	59.48	969.3
91017	1854	25.85	42	47.04	968.4
91017	1900	9999	9999	9999	9999
91017	1906	26.82	46	42.18	966.6
91017	1912	9999	9999	9999	9999
91017	1918	9999	9999	9999	9999
91017	1924	24.3	37	42.57	963.1
91017	1930	25.85	36	48.01	961.7
91017	1936	32.85	38	60.06	960.5
91017	1942	33.05	36	57.73	958.6
91017	1948	36.54	30	63.95	957.2
91017	1954	37.52	34	59.09	955.8
91017	2000	33.63	31	53.65	953.5
91017	2006	9999	9999	9999	9999
91017	2012	40.82	40	63.56	949.8
91017	2018	43.35	33	59.87	946.8
91017	2024	40.04	34	60.26	944.2
91017	2030	37.71	39	62.01	943.6
91017	2036	38.68	40	62.79	941.4
91017	2042	26.05	46	61.81	939.9
91017	2048	21.58	46	29.16	940.1
91017	2054	8.94	30	29.55	939.7
91017	2100	5.44	14	9.14	939.9
91017	2106	11.66	339	13.41	940.3
91017	2112	13.8	319	16.91	940.6
91017	2118	22.16	286	25.66	940.8
91017	2124	30.71	296	36.35	941.1
91017	2130	35.96	294	43.35	942.7
91017	2136	37.71	295	45.87	945.2
91017	2142	9999	9999	9999	9999
91017	2148	54.04	282	65.31	949.3
91017	2154	50.35	285	69.2	951.7
91017	2200	55.59	285	71.73	953.9
91017	2206	9999	9999	9999	9999
91017	2212	54.43	274	66.28	957.7
91017	2218	9999	9999	9999	9999
91017	2224	46.07	270	59.87	961.6
91017	2230	44.9	266	58.32	962.9
91017	2236	41.6	269	54.04	964.2
91017	2242	42.76	268	57.54	965.1
91017	2248	41.21	269	54.62	965.9
91017	2254	42.38	273	53.07	966.9
91017	2300	39.46	268	50.93	968.1
91017	2306	41.21	271	49.96	969.2
91017	2312	38.88	272	49.18	970.2
91017	2318	41.21	277	51.71	970.7
91017	2324	39.27	278	51.51	971.4
91017	2330	37.9	277	47.82	972.2
91017	2336	38.88	278	47.62	972.8
91017	2342	38.68	275	47.24	973.4
91017	2348	34.99	277	47.04	974
91017	2354	36.93	274	44.71	974.5
91117	000	37.13	275	44.9	974.9
91117	006	33.43	272	41.99	975.6
91117	012	37.71	276	46.26	976.1
91117	018	36.54	281	43.54	976.8
91117	024	36.16	273	41.79	977.5
91117	030	33.43	266	47.43	978.2
91117	036	35.77	270	46.07	978.9
91117	042	35.96	263	45.1	979.4
91117	048	37.9	260	51.71	979.8
91117	054	38.29	263	47.04	980.4
91117	100	35.77	263	45.49	980.9
91117	106	36.74	264	46.65	981.3
91117	112	39.85	265	51.9	981.7
91117	118	40.04	261	46.07	982.4
91117	124	9999	9999	9999	9999
91117	130	39.65	259	46.26	983.2
91117	136	38.49	258	50.73	983.7
91117	142	36.35	260	44.13	984
91117	148	9999	9999	9999	9999
91117	154	34.6	258	42.57	984.9
91117	200	36.74	253	47.43	985.2
91117	206	37.52	259	49.37	985.6
91117	212	38.88	257	48.79	985.9
91117	218	36.93	256	49.57	986.1
91117	224	9999	9999	9999	9999
91117	230	35.18	257	42.76	986.7
91117	236	33.05	255	41.02	987.1
91117	242	32.07	252	39.65	987.4
91117	248	31.88	252	47.04	987.7
91117	254	31.68	254	42.76	988
91117	300	32.07	249	39.85	988.3
91117	306	33.24	249	39.07	988.7
91117	312	34.02	250	41.4	989
91117	318	34.79	245	42.76	989.3
91117	324	36.54	244	44.51	989.5
91117	330	37.71	242	42.76	989.7
91117	336	35.96	240	43.93	990
91117	342	9999	9999	9999	9999
91117	348	40.43	242	46.85	990.5
91117	354	37.32	240	45.29	990.9
91117	400	36.35	241	46.07	991.1
91117	406	38.49	242	47.24	991.4
91117	412	39.65	241	48.4	991.7
91117	418	38.88	239	47.04	991.8
91117	424	41.4	236	48.4	992.1
91117	430	42.38	229	47.62	992.3
91117	436	37.52	232	47.82	992.5
91117	442	37.52	230	46.65	992.7
91117	448	39.07	228	48.21	992.9
91117	454	41.99	229	50.73	993.3
91117	500	33.82	228	48.98	993.6
91117	506	39.85	229	47.82	993.8
91117	512	38.29	231	47.43	994
91117	518	39.46	227	48.21	994.2
91117	524	35.77	231	46.46	994.4
91117	530	39.27	232	45.49	994.7
91117	536	9999	9999	9999	9999
91117	542	39.46	227	45.29	995
91117	548	36.74	227	46.65	995.2
91117	554	37.71	230	49.57	995.5
91117	600	34.02	230	44.32	995.6
91117	606	35.77	231	44.32	995.9
91117	612	34.6	232	41.02	996.1
91117	618	33.43	235	41.4	996.4
91117	624	31.88	238	40.24	996.4
91117	630	28.57	238	36.93	996.6
91117	636	29.35	239	35.96	996.6
91117	642	30.91	232	36.16	996.7
91117	648	31.49	239	37.52	996.8
91117	654	31.1	235	39.46	997.1
91117	700	36.35	226	42.38	997.4
91117	706	29.35	234	37.9	997.5
91117	712	34.6	236	38.88	997.4
91117	718	9999	9999	9999	9999
91117	724	35.77	236	41.21	997.9
91117	730	31.49	228	39.65	997.8
91117	736	28.77	214	36.93	997.5
91117	742	31.1	218	36.54	997.7
91117	748	29.35	224	35.18	997.8
91117	754	28.19	220	35.18	997.8
91117	800	27.99	223	35.18	998
91117	806	26.82	225	33.24	998.1
91117	812	27.8	223	32.85	998.1
91117	818	25.85	231	32.46	998.2
91117	824	26.24	225	32.85	998.2
91117	830	27.6	220	31.3	998.3
91117	836	25.46	220	30.91	998.5
91117	842	25.66	221	31.68	998.5
91117	848	25.66	223	30.71	998.7
91117	854	25.46	221	32.66	998.8
91117	900	26.44	219	30.71	999
91117	906	25.85	218	31.68	999.1
91117	912	27.99	219	31.49	999.2
91117	918	9999	9999	9999	9999
91117	924	26.24	224	30.91	999.6
91117	930	25.46	225	29.74	999.7
91117	936	26.44	227	29.55	999.8
91117	942	21.38	221	28.19	999.9
91117	948	25.46	221	29.35	999.9
91117	954	25.08	225	29.16	1000
91117	1000	24.49	218	27.41	1000.2
91117	1006	25.27	222	30.52	1000.3
91117	1012	25.27	219	30.71	1000.4
91117	1018	24.88	221	28.96	1000.5
91117	1024	23.33	227	28.38	1000.7
91117	1030	23.52	222	29.16	1000.7
91117	1036	23.52	216	26.82	1000.8
91117	1042	22.74	217	27.41	1000.9
91117	1048	23.33	220	28.96	1001.1
91117	1054	21.38	224	28.19	1001.2
91117	1100	23.33	224	28.19	1001.4
91117	1106	24.1	227	27.6	1001.5
91117	1112	21.58	227	26.82	1001.6
91117	1118	22.74	226	25.08	1001.7
91117	1124	21.38	225	26.44	1001.8
91117	1130	18.66	228	26.44	1001.9
91117	1136	21.19	223	23.91	1001.9
91117	1142	19.83	225	23.91	1002.1
91117	1148	19.05	226	24.1	1002.2
91117	1154	16.91	224	20.99	1002.3
91117	1200	20.99	222	23.33	1002.3
