20181010	0000	10.89	61	14.77	81.3	1008	9999	9999
20181010	0006	10.11	52	13.41	81.1	1008	9999	9999
20181010	0012	10.89	56	14	81	1007.9	9999	9999
20181010	0018	11.47	54	13.8	81	1007.8	9999	9999
20181010	0024	10.3	55	14.58	80.8	1007.9	9999	9999
20181010	0030	11.47	55	13.8	80.8	1007.8	9999	9999
20181010	0036	13.22	59	16.13	81	1007.8	9999	9999
20181010	0042	12.63	62	15.36	81	1007.8	9999	9999
20181010	0048	12.83	62	16.13	81	1007.7	9999	9999
20181010	0054	12.63	63	14.77	81	1007.7	9999	9999
20181010	0100	13.41	68	15.94	81.1	1007.8	9999	9999
20181010	0106	12.83	70	15.16	81.3	1007.8	9999	9999
20181010	0112	15.16	73	18.47	81.5	1007.8	9999	9999
20181010	0118	16.72	83	20.41	82.2	1007.8	9999	9999
20181010	0124	16.91	84	22.74	82.4	1007.7	9999	9999
20181010	0130	15.75	83	23.33	82.2	1007.7	9999	9999
20181010	0136	17.49	87	24.3	82.2	1007.7	9999	9999
20181010	0142	16.52	86	23.71	82.2	1007.8	9999	9999
20181010	0148	13.61	92	23.33	82.4	1007.9	9999	9999
20181010	0154	14.58	90	19.83	82.2	1007.8	9999	9999
20181010	0200	17.11	87	25.08	82.2	1007.9	9999	9999
20181010	0206	18.27	88	23.91	82.2	1007.9	9999	9999
20181010	0212	18.27	90	24.1	82.2	1008	9999	9999
20181010	0218	14.97	98	22.94	82.2	1008	9999	9999
20181010	0224	15.16	103	18.08	82.2	1008.1	9999	9999
20181010	0230	16.13	109	19.63	82.4	1008.2	9999	9999
20181010	0236	16.52	107	20.02	82.4	1008.1	9999	9999
20181010	0242	14.58	106	23.13	82.4	1008.1	9999	9999
20181010	0248	17.3	106	21.19	82.4	1008.1	9999	9999
20181010	0254	17.11	105	20.8	82.4	1008.2	9999	9999
20181010	0300	17.3	108	21.97	82.4	1008.2	9999	9999
20181010	0306	16.72	110	20.8	82.4	1008.2	9999	9999
20181010	0312	18.47	112	20.6	82.4	1008.1	9999	9999
20181010	0318	19.05	109	23.52	82.4	1008.1	9999	9999
20181010	0324	17.88	110	21.97	82.4	1008.1	9999	9999
20181010	0330	17.3	109	21.19	82.4	1008.1	9999	9999
20181010	0336	16.33	110	20.99	82.2	1008	9999	9999
20181010	0342	16.33	106	21.77	82.2	1008	9999	9999
20181010	0348	15.55	105	18.66	82	1007.9	9999	9999
20181010	0354	15.36	105	19.63	82	1007.8	9999	9999
20181010	0406	15.75	104	19.83	81.9	1007.7	9999	9999
20181010	0412	17.49	109	20.8	82	1007.7	9999	9999
20181010	0418	15.36	105	18.66	82	1007.7	9999	9999
20181010	0424	15.36	104	20.02	82	1007.7	9999	9999
20181010	0430	14.97	106	19.63	82	1007.7	9999	9999
20181010	0436	18.08	112	20.8	82	1007.7	9999	9999
20181010	0442	15.36	114	20.99	82	1007.6	9999	9999
20181010	0448	17.69	109	22.55	82.2	1007.4	9999	9999
20181010	0454	18.86	111	23.91	82.2	1007.2	9999	9999
20181010	0500	17.69	110	22.94	82.2	1007	9999	9999
20181010	0506	16.72	110	21.97	82.2	1006.8	9999	9999
20181010	0512	18.08	110	22.94	82.2	1006.6	9999	9999
20181010	0518	17.69	111	21.97	82.4	1006.4	9999	9999
20181010	0524	18.27	110	24.69	82.4	1006.3	9999	9999
20181010	0530	19.24	120	23.13	81.3	1006.5	9999	9999
20181010	0536	23.52	139	36.54	80.6	1006.8	9999	9999
20181010	0542	21.38	142	27.8	80.2	1006.7	9999	9999
20181010	0548	19.44	137	27.6	79.9	1006.6	9999	9999
20181010	0554	19.63	138	22.94	80.1	1006.4	9999	9999
20181010	0600	16.33	140	22.94	80.2	1006.3	9999	9999
20181010	0606	17.11	133	20.22	80.4	1006.2	9999	9999
20181010	0612	18.66	135	24.49	80.2	1006.1	9999	9999
20181010	0618	17.88	135	25.08	80.2	1006.1	9999	9999
20181010	0624	17.49	128	23.71	80.2	1006	9999	9999
20181010	0630	18.66	133	23.52	80.6	1006.1	9999	9999
20181010	0636	22.74	136	27.21	80.8	1006.1	9999	9999
20181010	0642	19.83	139	24.69	80.8	1006.1	9999	9999
20181010	0648	20.22	142	25.27	81	1006.2	9999	9999
20181010	0654	22.74	141	28.77	80.8	1006.1	9999	9999
20181010	0700	20.8	144	31.68	80.6	1006	9999	9999
20181010	0706	18.86	143	27.6	80.4	1005.7	9999	9999
20181010	0712	19.83	141	22.94	80.4	1005.6	9999	9999
20181010	0718	17.88	137	22.94	80.6	1005.5	9999	9999
20181010	0724	18.66	133	22.94	80.8	1005.3	9999	9999
20181010	0730	18.86	135	25.08	80.6	1005.2	9999	9999
20181010	0736	23.91	126	28.38	80.8	1005	9999	9999
20181010	0742	21.77	124	26.63	80.6	1004.9	9999	9999
20181010	0748	20.22	125	24.88	80.8	1004.7	9999	9999
20181010	0754	20.8	125	24.1	80.6	1004.6	9999	9999
20181010	0800	22.94	129	28.57	80.8	1004.4	9999	9999
20181010	0806	19.44	123	26.24	80.4	1004.2	9999	9999
20181010	0812	17.3	119	20.99	80.2	1003.9	9999	9999
20181010	0818	17.69	122	22.35	80.2	1003.7	9999	9999
20181010	0824	20.02	126	23.52	80.2	1003.5	9999	9999
20181010	0830	21.38	123	25.27	80.6	1003.4	9999	9999
20181010	0836	22.74	125	27.8	81	1003.3	9999	9999
20181010	0842	21.77	132	28.38	81.1	1003.2	9999	9999
20181010	0848	22.74	132	30.32	81.3	1003.3	9999	9999
20181010	0854	22.74	131	29.74	81.5	1003.1	9999	9999
20181010	0900	21.77	130	28.19	81.5	1003	9999	9999
20181010	0906	21.58	129	29.16	81.5	1002.9	9999	9999
20181010	0912	20.8	132	27.21	81.7	1002.8	9999	9999
20181010	0918	23.71	126	33.63	81	1002.6	9999	9999
20181010	0924	26.24	130	34.41	80.4	1002.6	9999	9999
20181010	0930	23.33	126	31.3	80.6	1002.6	9999	9999
20181010	0936	23.91	133	28.38	80.1	1002.7	9999	9999
20181010	0942	22.16	136	27.6	80.1	1002.7	9999	9999
20181010	0948	23.91	139	29.74	80.2	1002.5	9999	9999
20181010	0954	22.35	135	30.32	80.4	1002	9999	9999
20181010	1000	22.74	137	27.99	80.6	1002	9999	9999
20181010	1006	27.8	142	32.85	80.6	1002	9999	9999
20181010	1012	28.38	142	34.6	80.4	1002.2	9999	9999
20181010	1018	27.02	138	36.35	80.6	1002	9999	9999
20181010	1024	27.8	144	33.63	80.4	1002.1	9999	9999
20181010	1030	30.13	146	47.62	79.5	1002	9999	9999
20181010	1036	26.24	142	36.74	79.3	1001.8	9999	9999
20181010	1042	25.66	147	36.93	79.3	1001.8	9999	9999
20181010	1048	29.16	145	38.68	79.2	1001.9	9999	9999
20181010	1054	30.91	152	42.38	77.4	1001.7	9999	9999
20181010	1100	33.05	148	38.1	78.4	1001.4	9999	9999
20181010	1106	25.66	146	39.46	79	1001.4	9999	9999
20181010	1112	32.66	145	46.07	77.5	1001.1	9999	9999
20181010	1118	32.46	145	41.6	79.7	1000.9	9999	9999
20181010	1124	30.71	141	35.57	79.7	1000.7	9999	9999
20181010	1130	30.32	138	39.46	79.2	1000.6	9999	9999
20181010	1136	27.6	133	35.18	79	1000.2	9999	9999
20181010	1142	25.85	131	32.46	79.2	1000.2	9999	9999
20181010	1148	23.71	128	31.49	79.7	1000	9999	9999
20181010	1154	25.27	132	31.68	78.4	999.9	9999	9999
20181010	1200	32.07	128	38.49	78.6	999.6	9999	9999
20181010	1206	34.41	136	46.46	78.6	999.2	9999	9999
20181010	1212	34.99	147	46.26	79.7	999.3	9999	9999
20181010	1218	33.63	144	40.24	80.4	999.1	9999	9999
20181010	1224	33.63	146	40.63	80.6	999	9999	9999
20181010	1230	30.91	146	41.6	80.8	998.9	9999	9999
20181010	1236	29.55	141	36.74	81	998.7	9999	9999
20181010	1242	34.6	152	44.51	79.9	998.6	9999	9999
20181010	1248	34.41	149	41.02	79.7	998.4	9999	9999
20181010	1254	31.49	148	40.63	80.1	998.3	9999	9999
20181010	1300	29.35	143	39.07	80.4	998.2	9999	9999
20181010	1306	30.52	148	42.96	80.6	997.8	9999	9999
20181010	1312	33.82	146	44.32	80.8	997.9	9999	9999
20181010	1318	33.82	148	41.79	80.2	997.8	9999	9999
20181010	1324	34.99	148	44.9	79.9	997.7	9999	9999
20181010	1330	33.43	147	43.54	79.5	997.2	9999	9999
20181010	1336	31.1	142	39.65	79.3	996.9	9999	9999
20181010	1342	35.77	145	46.65	79.5	996.5	9999	9999
20181010	1348	35.18	143	46.46	79.5	996.5	9999	9999
20181010	1354	37.52	148	45.87	79.9	996.2	9999	9999
20181010	1400	36.16	143	45.29	79.9	996.1	9999	9999
20181010	1406	43.35	143	52.09	79.5	995.6	9999	9999
20181010	1412	38.1	152	51.12	79.5	995.8	9999	9999
20181010	1418	34.6	159	43.15	80.1	995.5	9999	9999
20181010	1424	37.71	154	46.85	80.6	995.2	9999	9999
20181010	1430	36.16	155	50.15	80.4	995.2	9999	9999
20181010	1436	39.85	153	48.98	80.4	995	9999	9999
20181010	1442	39.27	153	48.6	80.8	994.7	9999	9999
20181010	1448	42.96	153	53.65	80.8	994.3	9999	9999
20181010	1454	40.63	151	52.09	80.6	993.8	9999	9999
20181010	1500	42.96	152	52.29	80.6	993.7	9999	9999
20181010	1506	39.07	154	48.01	80.6	993.6	9999	9999
20181010	1512	42.18	152	50.35	80.6	992.8	9999	9999
20181010	1518	41.79	149	52.87	80.8	992	9999	9999
20181010	1524	42.96	153	53.46	80.6	991.9	9999	9999
20181010	1530	44.51	153	60.06	80.8	991.7	9999	9999
20181010	1536	43.54	153	55.98	80.8	991.3	9999	9999
20181010	1542	40.24	154	51.12	80.6	990.9	9999	9999
20181010	1548	46.26	160	55.21	80.8	990.8	9999	9999
20181010	1554	44.32	163	51.51	80.6	990.4	9999	9999
20181010	1600	44.9	163	55.21	79.9	989.6	9999	9999
20181010	1606	44.13	158	56.18	79.9	989.1	9999	9999
20181010	1612	47.43	170	62.01	79.3	988.7	9999	9999
20181010	1618	50.35	174	64.15	78.6	988.4	9999	9999
20181010	1624	47.82	167	66.28	78.6	987.7	9999	9999
20181010	1630	48.4	173	58.7	78.8	988.1	9999	9999
20181010	1636	50.15	175	58.7	78.6	987.6	9999	9999
20181010	1642	50.35	176	62.98	78.8	987.2	9999	9999
20181010	1648	50.35	176	61.81	78.4	987.1	9999	9999
20181010	1654	51.9	180	60.26	78.3	986.7	9999	9999
20181010	1700	53.46	185	67.65	78.1	986.4	9999	9999
20181010	1706	54.04	186	70.17	78.3	986.8	9999	9999
20181010	1712	48.01	200	63.37	76.6	986.9	9999	9999
20181010	1718	54.04	196	68.23	76.6	986.1	9999	9999
20181010	1724	50.15	196	69.01	77	985.9	9999	9999
20181010	1730	52.48	194	67.65	77.4	986.2	9999	9999
20181010	1736	52.09	194	62.59	77.2	985.7	9999	9999
20181010	1742	53.26	197	65.7	77.4	985.5	9999	9999
20181010	1748	51.9	198	62.2	77.7	985.3	9999	9999
20181010	1754	52.29	205	64.15	77.9	985.7	9999	9999
20181010	1800	48.98	205	58.12	77.9	986.1	9999	9999
20181010	1806	46.26	209	59.29	77.9	986.3	9999	9999
20181010	1812	47.43	207	58.51	77.7	986.5	9999	9999
20181010	1818	43.74	206	56.76	77.7	987	9999	9999
20181010	1824	43.93	207	57.34	77.7	987.5	9999	9999
20181010	1830	42.38	208	50.73	77.7	988.2	9999	9999
20181010	1836	43.35	212	54.43	77.9	988.4	9999	9999
20181010	1842	45.1	205	56.37	77.9	988.6	9999	9999
20181010	1848	45.68	207	55.98	77.7	989.1	9999	9999
20181010	1854	40.24	210	52.29	77.7	989.5	9999	9999
20181010	1900	32.85	213	49.37	77.7	990.4	9999	9999
20181010	1906	32.07	219	43.15	77.5	990.9	9999	9999
20181010	1912	33.05	216	41.21	77.5	990.7	9999	9999
20181010	1918	34.99	215	41.6	77.7	991.3	9999	9999
20181010	1924	30.91	220	38.68	77.5	991.5	9999	9999
20181010	1930	28.57	221	41.21	77.4	992	9999	9999
20181010	1936	28.77	220	37.9	77.4	992.3	9999	9999
20181010	1942	26.63	221	37.9	77.2	992.7	9999	9999
20181010	1948	27.02	226	37.32	77.4	993.2	9999	9999
20181010	1954	26.05	224	36.35	77.5	993.5	9999	9999
20181010	2000	25.27	224	34.02	77.4	993.9	9999	9999
20181010	2006	24.49	224	33.43	77.4	993.8	9999	9999
20181010	2012	22.74	225	32.85	77.4	994	9999	9999
20181010	2018	23.33	224	31.68	77.4	994.5	9999	9999
20181010	2024	21.58	232	33.63	77.5	995	9999	9999
20181010	2030	20.02	233	34.21	78.1	995.3	9999	9999
20181010	2036	19.05	236	32.46	79.3	995.6	9999	9999
20181010	2042	20.99	238	31.49	80.1	996	9999	9999
20181010	2048	16.52	235	28.96	80.1	996.4	9999	9999
20181010	2054	16.13	239	28.38	80.4	996.5	9999	9999
20181010	2100	21.19	234	32.66	80.8	996.6	9999	9999
20181010	2106	17.69	235	31.68	80.6	996.8	9999	9999
20181010	2112	16.13	237	37.71	80.2	996.8	9999	9999
20181010	2118	17.11	238	32.46	80.4	996.7	9999	9999
20181010	2124	16.72	234	25.27	80.6	996.9	9999	9999
20181010	2130	19.63	241	30.13	80.6	997.2	9999	9999
20181010	2136	21.38	237	32.27	80.4	997.4	9999	9999
20181010	2142	18.66	241	26.63	80.6	997.7	9999	9999
20181010	2148	13.02	242	25.85	80.2	998	9999	9999
20181010	2154	12.44	237	27.99	80.6	998.1	9999	9999
20181010	2200	19.05	236	29.35	81	998.2	9999	9999
20181010	2206	17.49	245	28.96	81	998.5	9999	9999
20181010	2212	13.02	245	25.85	80.6	998.8	9999	9999
20181010	2218	13.41	243	29.94	80.4	998.9	9999	9999
20181010	2224	19.24	247	27.02	80.8	998.9	9999	9999
20181010	2230	15.55	241	27.41	80.8	999.1	9999	9999
20181010	2236	17.3	241	25.85	80.8	999.1	9999	9999
20181010	2242	14.38	248	21.58	80.8	999.3	9999	9999
20181010	2248	14.58	242	26.05	80.4	999.4	9999	9999
20181010	2254	14.77	247	25.85	80.6	999.6	9999	9999
20181010	2300	18.86	242	29.16	81	999.8	9999	9999
20181010	2306	14.38	243	25.85	81	1000.1	9999	9999
20181010	2312	15.55	249	29.94	81	1000.4	9999	9999
20181010	2318	16.72	249	25.85	81.1	1000.6	9999	9999
20181010	2324	13.8	252	27.02	81.1	1000.9	9999	9999
20181010	2330	13.8	257	24.69	81.1	1001.1	9999	9999
20181010	2336	16.33	268	26.63	81	1001.3	9999	9999
20181010	2342	17.49	255	26.82	81	1001.3	9999	9999
20181010	2348	16.72	263	26.63	81.1	1001.4	9999	9999
20181010	2354	14	260	22.16	81	1001.4	9999	9999
20181011	0000	14.38	267	22.55	81.1	1001.6	9999	9999
20181011	0006	14.77	264	25.27	81	1001.7	9999	9999
20181011	0012	9.33	267	22.94	80.8	1001.8	9999	9999
20181011	0018	14	256	24.49	81	1002.1	9999	9999
20181011	0024	13.61	258	22.74	81	1002.3	9999	9999
20181011	0030	11.27	257	19.44	81	1002.4	9999	9999
20181011	0036	13.8	267	24.3	81.1	1002.6	9999	9999
20181011	0042	13.41	261	21.77	81.1	1002.7	9999	9999
20181011	0048	11.08	256	17.11	81	1002.9	9999	9999
20181011	0054	11.66	266	17.88	81	1003	9999	9999
20181011	0100	11.08	259	20.6	80.8	1003.2	9999	9999
20181011	0106	11.27	267	23.33	81	1003.4	9999	9999
20181011	0112	11.66	279	18.27	81	1003.5	9999	9999
20181011	0118	9.14	276	21.97	80.8	1003.6	9999	9999
20181011	0124	13.22	268	18.86	80.8	1003.6	9999	9999
20181011	0130	10.69	276	18.47	80.6	1003.8	9999	9999
20181011	0136	8.55	271	20.22	80.6	1003.9	9999	9999
20181011	0142	9.33	267	19.44	80.6	1004	9999	9999
20181011	0148	10.11	267	16.13	80.6	1004.1	9999	9999
20181011	0154	11.27	271	19.83	80.8	1004.2	9999	9999
20181011	0200	11.27	273	19.63	80.8	1004.3	9999	9999
20181011	0206	9.72	266	15.94	80.8	1004.4	9999	9999
20181011	0212	8.36	270	14.38	80.6	1004.5	9999	9999
20181011	0218	10.89	265	18.08	80.8	1004.6	9999	9999
20181011	0224	8.16	272	15.75	80.6	1004.7	9999	9999
20181011	0230	11.47	267	19.44	80.8	1004.9	9999	9999
20181011	0236	10.11	270	17.88	80.6	1004.9	9999	9999
20181011	0242	9.72	264	14	80.6	1005	9999	9999
20181011	0248	8.75	271	16.91	80.4	1005.2	9999	9999
20181011	0254	11.47	268	15.94	80.4	1005.2	9999	9999
20181011	0300	7	264	14.97	80.2	1005.2	9999	9999
20181011	0306	9.72	264	14.38	80.4	1005.3	9999	9999
20181011	0312	7	265	21.97	80.2	1005.5	9999	9999
20181011	0318	9.33	262	14.58	80.4	1005.5	9999	9999
20181011	0324	8.16	265	13.61	80.2	1005.6	9999	9999
20181011	0330	6.61	263	13.02	80.2	1005.6	9999	9999
20181011	0336	6.61	264	15.16	80.2	1005.6	9999	9999
20181011	0342	6.61	262	11.47	80.1	1005.7	9999	9999
20181011	0348	8.16	266	13.02	80.2	1005.9	9999	9999
20181011	0354	6.03	265	13.02	80.2	1006	9999	9999
20181011	0400	7.19	262	10.3	80.1	1006.2	9999	9999
20181011	0406	5.05	259	9.72	80.1	1006.3	9999	9999
20181011	0412	5.64	258	15.36	80.1	1006.3	9999	9999
20181011	0418	5.05	259	11.27	79.9	1006.4	9999	9999
20181011	0424	7	263	12.05	80.2	1006.5	9999	9999
20181011	0430	6.22	265	13.61	80.1	1006.5	9999	9999
20181011	0436	8.55	258	16.13	80.2	1006.5	9999	9999
20181011	0442	7.19	259	13.61	80.4	1006.5	9999	9999
20181011	0448	7.58	254	12.83	80.2	1006.7	9999	9999
20181011	0454	7.97	267	15.75	80.4	1006.8	9999	9999
20181011	0500	6.22	262	12.63	80.4	1006.9	9999	9999
20181011	0506	6.61	256	12.44	80.4	1006.9	9999	9999
20181011	0512	9.72	255	14.38	80.4	1006.8	9999	9999
20181011	0518	9.33	273	12.44	80.6	1006.9	9999	9999
20181011	0524	4.86	257	12.44	80.2	1007	9999	9999
20181011	0530	8.55	256	14	80.4	1007	9999	9999
20181011	0536	7.78	260	12.83	80.4	1007.1	9999	9999
20181011	0542	7.19	256	11.86	80.2	1007.1	9999	9999
20181011	0548	7	249	12.05	80.2	1007.1	9999	9999
20181011	0554	7.19	253	11.86	80.1	1007.1	9999	9999
20181011	0600	6.22	253	13.22	79.9	1007.1	9999	9999
