2018 09 14 00 00 302 18.2 23.1 99.00 99.00 99.00 999  999.3  27.2  27.6  23.7 99.0 99.00 
2018 09 14 01 00 292 19.1 26.3 99.00 99.00 99.00 999  998.5  26.4  27.6  23.8 99.0 99.00 
2018 09 14 02 00 280 21.6 28.6 99.00 99.00 99.00 999  996.1  26.2  27.6  24.1 99.0 99.00 
2018 09 14 03 00 279 22.9 29.7 99.00 99.00 99.00 999  994.5  25.6  27.6  24.4 99.0 99.00 
2018 09 14 04 00 273 24.5 33.6 99.00 99.00 99.00 999  993.1  26.0  27.6  24.4 99.0 99.00
2018 09 14 05 00 272 23.7 30.3 99.00 99.00 99.00 999  993.1  25.5  27.7  24.6 99.0 99.00 
2018 09 14 06 00 268 24.0 32.9 99.00 99.00 99.00 999  992.3  25.5  27.7  24.2 99.0 99.00 
2018 09 14 07 00 263 23.2 31.6 99.00 99.00 99.00 999  991.8  26.2  27.8  24.3 99.0 99.00 
2018 09 14 08 00 260 22.4 29.8 99.00 99.00 99.00 999  991.8  25.4  27.7  24.3 99.0 99.00 
2018 09 14 09 00 250 22.8 28.9 99.00 99.00 99.00 999  991.2  25.8  27.7  24.3 99.0 99.00 
2018 09 14 10 00 243 22.6 28.9 99.00 99.00 99.00 999  990.4  25.1  27.7  24.6 99.0 99.00 
2018 09 14 11 00 247 22.2 28.7 99.00 99.00 99.00 999  990.0  25.3  27.6  24.6 99.0 99.00 
2018 09 14 12 00 235 21.4 27.9 99.00 99.00 99.00 999  990.2  26.3  27.6  24.5 99.0 99.00 
2018 09 14 13 00 220 23.6 30.6 99.00 99.00 99.00 999  989.4  25.5  27.6  24.7 99.0 99.00 
2018 09 14 14 00 214 22.8 29.2 99.00 99.00 99.00 999  990.6  25.4  27.6  25.0 99.0 99.00 
2018 09 14 15 00 210 22.5 30.8 99.00 99.00 99.00 999  991.7  25.4  27.6  25.0 99.0 99.00 
2018 09 14 16 00 204 23.0 30.7 99.00 99.00 99.00 999  992.8  25.6  27.6  24.7 99.0 99.00 
2018 09 14 17 00 201 21.3 26.6 99.00 99.00 99.00 999  993.8  25.6  27.7  25.0 99.0 99.00 
2018 09 14 18 00 194 21.9 29.6 99.00 99.00 99.00 999  994.4  25.5  27.8  25.0 99.0 99.00 
2018 09 14 19 00 186 21.4 28.2 99.00 99.00 99.00 999  995.1  25.5  27.8  25.1 99.0 99.00 
2018 09 14 20 00 188 21.2 27.6 99.00 99.00 99.00 999  996.1  25.5  27.7  25.1 99.0 99.00  
