
2018 09 14 00 08 350 18.9 27.5 99.00 99.00 99.00 999  996.2  24.9  28.4 999.0 99.0 99.00
2018 09 14 01 08 352 18.5 24.9 99.00 99.00 99.00 999  994.3  24.3  28.4 999.0 99.0 99.00
2018 09 14 02 08   0 21.5 32.3 99.00 99.00 99.00 999  993.7  24.2  28.3 999.0 99.0 99.00
2018 09 14 03 08   6 23.4 35.9 99.00 99.00 99.00 999  991.7  24.2  28.3 999.0 99.0 99.00
2018 09 14 04 08  12 23.7 33.3 99.00 99.00 99.00 999  986.1  24.8  28.2 999.0 99.0 99.00
2018 09 14 05 08 352 24.4 36.6 99.00 99.00 99.00 999  984.7  24.4  28.2 999.0 99.0 99.00
2018 09 14 06 08   0 24.3 37.8 99.00 99.00 99.00 999  982.0  24.3  28.2 999.0 99.0 99.00
2018 09 14 07 08   0 23.5 34.0 99.00 99.00 99.00 999  982.0  24.4  28.1 999.0 99.0 99.00
2018 09 14 08 08 356 23.8 34.5 99.00 99.00 99.00 999  981.0  24.4  28.1 999.0 99.0 99.00
2018 09 14 09 08   2 24.8 36.7 99.00 99.00 99.00 999  976.4  25.3  28.1 999.0 99.0 99.00
2018 09 14 10 08   2 25.3 35.8 99.00 99.00 99.00 999  976.4  25.9  28.1 999.0 99.0 99.00
2018 09 14 11 08 999 99.0 99.0 99.00 99.00 99.00 999  976.4  25.6  28.1 999.0 99.0 99.00
2018 09 14 12 08  51 17.1 23.6 99.00 99.00 99.00 999  971.6  25.0  28.0 999.0 99.0 99.00
2018 09 14 13 08 173 18.7 26.9 99.00 99.00 99.00 999  964.4  24.9  28.0 999.0 99.0 99.00
2018 09 14 14 08 129 21.1 29.2 99.00 99.00 99.00 999  966.0  24.5  27.9 999.0 99.0 99.00
2018 09 14 15 08 140 20.2 27.9 99.00 99.00 99.00 999  976.6  24.5  27.9 999.0 99.0 99.00
2018 09 14 16 08 143 19.6 25.2 99.00 99.00 99.00 999  978.2  24.0  27.9 999.0 99.0 99.00
2018 09 14 17 08 136 19.7 27.8 99.00 99.00 99.00 999  976.7  23.4  27.9 999.0 99.0 99.00
2018 09 14 18 08 136 19.8 29.2 99.00 99.00 99.00 999  977.2  23.0  27.9 999.0 99.0 99.00
2018 09 14 19 08 138 22.0 30.2 99.00 99.00 99.00 999  977.3  22.9  27.9 999.0 99.0 99.00
2018 09 14 20 08 138 19.1 26.7 99.00 99.00 99.00 999  981.2  23.1  27.9 999.0 99.0 99.00