2018 09 14 01 00  68 32.5 39.4 99.00 99.00 99.00 999  987.2 999.0 999.0 999.0 99.0 99.00
2018 09 14 02 00  76 31.0 37.6 99.00 99.00 99.00 999  986.4 999.0 999.0 999.0 99.0 99.00
2018 09 14 03 00  81 32.6 39.7 99.00 99.00 99.00 999  988.5 999.0 999.0 999.0 99.0 99.00
2018 09 14 04 00  94 30.6 35.9 99.00 99.00 99.00 999  989.0 999.0 999.0 999.0 99.0 99.00
2018 09 14 05 00 108 32.0 38.4 99.00 99.00 99.00 999  989.5 999.0 999.0 999.0 99.0 99.00
2018 09 14 06 00 106 33.9 40.5 99.00 99.00 99.00 999  990.1 999.0 999.0 999.0 99.0 99.00
2018 09 14 07 00 113 30.9 35.1 99.00 99.00 99.00 999  991.6 999.0 999.0 999.0 99.0 99.00
2018 09 14 08 00 116 33.0 36.3 99.00 99.00 99.00 999  993.9 999.0 999.0 999.0 99.0 99.00
2018 09 14 09 00 122 27.0 33.8 99.00 99.00 99.00 999  995.7 999.0 999.0 999.0 99.0 99.00
2018 09 14 10 00 121 25.4 28.8 99.00 99.00 99.00 999  997.9 999.0 999.0 999.0 99.0 99.00
2018 09 14 11 00 124 24.7 26.9 99.00 99.00 99.00 999  999.8 999.0 999.0 999.0 99.0 99.00
2018 09 14 12 00 123 21.0 23.2 99.00 99.00 99.00 999 1000.8 999.0 999.0 999.0 99.0 99.00
2018 09 14 13 00 123 26.6 31.4 99.00 99.00 99.00 999 1001.2 999.0 999.0 999.0 99.0 99.00
2018 09 14 14 00 133 22.0 25.5 99.00 99.00 99.00 999 1003.6 999.0 999.0 999.0 99.0 99.00
2018 09 14 15 00 134 21.3 26.3 99.00 99.00 99.00 999 1004.5 999.0 999.0 999.0 99.0 99.00
2018 09 14 16 00 125 20.5 25.8 99.00 99.00 99.00 999 1005.6 999.0 999.0 999.0 99.0 99.00
2018 09 14 17 00 115 21.5 23.8 99.00 99.00 99.00 999 1005.4 999.0 999.0 999.0 99.0 99.00
2018 09 14 18 00 117 20.8 23.7 99.00 99.00 99.00 999 1005.8 999.0 999.0 999.0 99.0 99.00
2018 09 14 19 00 127 25.3 28.5 99.00 99.00 99.00 999 1006.6 999.0 999.0 999.0 99.0 99.00
2018 09 14 20 00 134 21.6 25.8 99.00 99.00 99.00 999 1006.8 999.0 999.0 999.0 99.0 99.00
